%% GaN Parameters
Rgin = 1.5;
Lgin = 0.65e-9;
Rss = 1e-3;
Lss = 0.43e-9;
Ls = 42e-12;
Rs = 3.6 * 0.238 * 0.82 * (1 - (-0.0135*(25 - 25))) / 295;
Ld = 450e-12;
Rd = (3.6/8) * (0.95*0.82*(1 - (-0.0135*(25 - 25))) * 18.2 / 295);
